9.665876191415905794e+01 3.912463820689182636e+00
5.076856092560861811e+01 1.286169998475076515e+00
3.417046110993202745e+01 -2.266790441307568460e-01
2.140998839488514704e+01 -1.672848343269152382e-01
5.636696357284025538e+01 1.147723659951134678e+00
8.254605876384275120e+01 2.911945941637333668e+00
1.090087187109695144e+01 2.842784564746974052e-01
8.071814172835529178e+01 2.148168354405028513e+00
5.957060549986887565e+01 1.701599579913647853e+00
9.427130095416470112e+01 3.798543079899430630e+00
1.716523328769370238e+01 -2.562027186159735459e-01
9.262062506908954163e+01 3.318115993664607188e+00
7.681010978941212386e+01 3.079129008390345312e+00
1.243330770086339498e+01 4.404174606783998747e-01
4.099896365055222702e+00 -2.868071910082121284e-02
3.458931725198286244e+01 -4.644781656149871152e-02
4.008289325079714871e+01 6.076869084542777522e-01
9.556611108546192668e+01 4.446786731525567582e+00
8.113093916410517181e+01 2.715770932334523824e+00
1.212695317051223398e+01 8.972269400332418821e-01
3.959946519671370879e+01 5.808211414890236401e-01
7.741615179207130382e+01 1.495059995906445893e+00
3.938024911283293505e+01 -3.384396907482457584e-01
3.342704099534643802e+01 9.648985703425777549e-02
8.589300678909175701e+01 3.271037853519626726e+00
3.524719203129023271e+01 2.953321599317436652e-01
2.280920317383513662e+01 3.710168677261375114e-01
1.003931661347590065e+01 -2.293433039924571981e-01
6.815720111391549096e+01 2.037702244649795880e+00
1.775563835581656136e+01 7.344762504742029241e-02
1.180844164242356165e-01 -1.217734501604018638e-01
5.618121635968431349e+01 1.193628157975108905e+00
5.841460708755167275e+01 1.322711276467472441e+00
5.020065303510130406e+01 5.959979167159407121e-01
3.804460169688367444e+01 9.130795759489911401e-01
9.715949126840251893e+01 4.162328877558580054e+00
7.811489176692852254e+01 2.606976297320892755e+00
9.527694637367368102e+00 -3.391492574813367855e-01
1.777802159849532870e+01 7.984906673177874503e-02
2.415501456450065376e+01 4.455907705498234339e-01
5.916788945052682180e+01 1.252279140055064577e+00
2.284516885175820278e+01 -1.590370483397697265e-01
4.390046722165319437e+01 6.058966256904942949e-01
6.045471173665107045e+01 1.698785675075143775e+00
3.788103605076901204e+01 3.060370052681274378e-01
1.499492910906247189e+01 3.468201608061393104e-01
9.561274491427070643e+01 3.846028565160655610e+00
6.471179433592976693e+01 2.219571912550075687e+00
8.855074429308766071e+01 3.697409939172508153e+00
8.281675451555950929e+01 2.513432029562759684e+00
6.791010974582380300e+01 2.518570252947417210e+00
6.408962651810317368e+01 2.206665379740409438e+00
8.656087482931351929e+01 2.610349478704586890e+00
6.908414778753760288e+01 2.417491809714354734e+00
9.845474537936134141e+01 4.004809331194175037e+00
8.616403784728599646e+01 2.122631589790255457e+00
9.390764378228702469e+01 3.986248755152154377e+00
4.161973781568324426e+01 2.071840173771440918e-01
6.274554664741561538e+01 1.405967622915152981e+00
3.893972845978244113e+00 -6.001679574844245302e-01
2.716622731875716212e+01 3.569711832248212424e-01
1.465342508126843413e+00 3.185859238028154738e-01
9.837899850985573380e+01 3.818881246569533428e+00
2.984950770067957748e+01 1.152908808088707548e+00
8.855514369963124466e-02 6.332496135401920467e-01
1.126648016745081016e+01 -4.599439160638151280e-01
3.087419004702123360e+01 5.747488150034484322e-01
5.313779414398405265e+01 1.206362034820938511e+00
9.757814686059347764e+01 4.176773699433645959e+00
4.386266297417517279e+01 4.761050348014228550e-02
6.571451813038243017e+01 2.112170023622709891e+00
3.857385592616172687e+01 6.010732714189914727e-02
1.846241540040119844e+01 -6.262333390708321734e-02
3.878662380370771245e+01 4.751016529098097685e-01
6.658758261361846564e+01 2.115051219975439878e+00
6.748418694001446738e+01 2.248514347416808334e+00
4.730976909764363825e+01 1.186584632221302282e+00
4.708543914933349228e+00 -2.615801320791546480e-01
6.858395108127963624e+01 2.072960969837647660e+00
1.297119176727125023e+01 3.546733875178788020e-01
7.914145013715216237e+01 2.341561091769998271e+00
9.715231501246506696e+01 3.466102574632282884e+00
1.073123749102332702e+01 6.415263078525865748e-01
6.879904523618782264e+01 1.730354168038371387e+00
8.019980897232645134e+01 3.559445563096693466e+00
1.944258597351610263e+01 -2.508508240658760546e-02
6.221715365464059744e+01 1.127359346315384592e+00
9.010743965934635469e+01 3.068756293511772260e+00
7.157799758225054632e+01 1.885889942301556488e+00
2.668716698260169551e+01 6.583925444467545463e-01
9.145324432697002237e+01 2.925829959888543552e+00
4.885776529651882072e+01 8.435338499552371694e-01
2.236672717844252389e+01 5.672210438916575059e-01
5.946254258305479112e+01 1.802797924027883969e+00
1.704332429517135949e+01 1.360890367142783552e-01
4.203565562136047262e+00 -2.588593933058762619e-01
7.683181955084515380e+01 1.945361797988076624e+00
8.290395920470029978e+01 1.962908989333954857e+00
4.289943563393784132e+01 8.817633094746397671e-01
2.657142258484647002e+01 9.239331025771968520e-02
